6 1;0 3;2 5;4 
6 1;0 4;0 4;1 3;2 
6 1;0 5;0 3;2 5;4 
6 1;0 4;0 4;1 3;2 4;2 
6 1;0 5;0 5;1 3;2 5;4 
6 1;0 5;0 3;2 5;2 5;4 
6 1;0 4;0 4;1 3;2 4;2 4;3 
6 1;0 5;0 5;1 3;2 5;2 5;4 
6 1;0 5;0 5;1 3;2 5;2 5;3 5;4 
6 1;0 2;0 2;1 5;3 5;4 
6 1;0 3;0 5;1 3;2 5;4 
6 1;0 2;0 3;0 2;1 3;1 3;2 
6 1;0 2;0 4;0 2;1 4;1 4;3 
6 1;0 2;0 5;0 2;1 5;3 5;4 
6 1;0 3;0 5;0 5;1 3;2 5;4 
6 1;0 4;2 5;2 4;3 5;3 5;4 
6 1;0 2;0 4;0 2;1 4;1 4;2 4;3 
6 1;0 2;0 5;0 2;1 5;1 5;3 5;4 
6 1;0 3;0 5;0 5;1 3;2 5;3 5;4 
6 1;0 2;0 5;0 2;1 5;1 5;2 5;3 5;4 
6 1;0 3;0 4;1 3;2 4;2 
6 1;0 3;0 5;0 3;2 5;3 5;4 
6 1;0 3;0 5;1 3;2 5;2 5;4 
6 1;0 5;0 5;1 4;2 5;2 4;3 
6 1;0 3;0 4;0 4;1 3;2 4;2 4;3 
6 1;0 3;0 5;0 5;1 3;2 5;2 5;3 5;4 
6 1;0 5;0 5;1 4;2 5;2 4;3 5;4 
6 1;0 5;0 4;2 5;2 4;3 5;3 5;4 
6 1;0 5;0 5;1 4;2 5;2 4;3 5;3 5;4 
6 1;0 3;0 5;0 3;1 5;1 3;2 5;4 
6 1;0 4;0 5;0 4;1 5;1 3;2 5;4 
6 1;0 3;0 4;0 3;1 4;1 3;2 4;2 4;3 
6 1;0 3;0 5;0 3;1 5;1 3;2 5;3 5;4 
6 1;0 3;0 5;0 3;1 3;2 5;2 5;3 5;4 
6 1;0 4;0 5;0 4;2 5;2 4;3 5;3 5;4 
6 1;0 3;0 5;0 3;1 5;1 3;2 5;2 5;3 5;4 
6 1;0 4;0 5;0 5;1 4;2 5;2 4;3 5;3 5;4 
6 1;0 4;0 5;0 4;1 5;1 4;2 5;2 4;3 5;3 5;4 
6 2;0 4;0 2;1 5;1 4;3 5;3 
6 1;0 4;0 4;1 3;2 5;2 5;3 
6 2;0 4;0 5;0 2;1 5;1 5;2 4;3 
6 2;0 4;0 2;1 5;1 5;2 4;3 5;3 
6 1;0 4;0 5;0 4;1 3;2 5;2 5;3 
6 2;0 4;0 5;0 2;1 5;1 5;2 4;3 5;4 
6 1;0 4;0 5;0 4;1 5;1 3;2 5;2 5;4 
6 2;0 4;0 5;0 2;1 5;1 5;2 4;3 5;3 5;4 
6 1;0 4;0 5;0 4;1 5;1 3;2 5;2 5;3 5;4 
6 1;0 4;0 5;0 4;1 5;1 3;2 5;2 5;3 
6 2;0 3;0 4;0 2;1 3;1 4;1 3;2 4;2 4;3 
6 2;0 3;0 5;0 2;1 3;1 3;2 5;2 5;3 5;4 
6 2;0 3;0 5;0 2;1 3;1 5;1 3;2 5;2 5;3 5;4 
6 2;0 4;0 2;1 5;1 4;2 5;2 4;3 5;3 5;4 
6 2;0 4;0 5;0 2;1 5;1 4;2 5;2 4;3 5;3 5;4 
6 2;0 4;0 5;0 2;1 4;1 5;1 4;2 5;2 4;3 5;3 5;4 
6 3;0 4;0 5;0 3;1 4;1 5;1 3;2 4;2 5;2 4;3 5;3 5;4 
6 1;0 4;0 5;0 4;1 5;1 3;2 4;2 5;3 
6 1;0 4;0 5;0 4;1 5;1 3;2 4;2 5;2 5;4 
6 1;0 4;0 5;0 4;1 3;2 4;2 5;2 5;3 5;4 
6 1;0 4;0 5;0 4;1 5;1 3;2 4;2 5;2 5;3 5;4 
6 1;0 4;0 5;0 4;1 5;1 3;2 4;2 5;2 4;3 5;3 5;4 
6 1;0 2;0 3;0 4;0 2;1 3;1 4;1 3;2 4;2 4;3 
6 1;0 2;0 3;0 5;0 2;1 3;1 5;1 3;2 5;2 5;4 
6 1;0 2;0 3;0 5;0 2;1 3;1 5;1 3;2 5;2 5;3 5;4 
6 1;0 2;0 4;0 5;0 2;1 4;1 5;1 4;3 5;3 5;4 
6 1;0 2;0 4;0 5;0 2;1 4;1 5;1 5;2 4;3 5;3 5;4 
6 1;0 2;0 4;0 5;0 2;1 4;1 5;1 4;2 5;2 4;3 5;3 5;4 
6 1;0 3;0 5;0 4;1 5;1 3;2 4;2 5;2 5;3 5;4 
6 1;0 3;0 4;0 5;0 4;1 5;1 3;2 4;2 5;2 4;3 5;3 5;4 
6 1;0 3;0 4;0 5;0 3;1 4;1 5;1 3;2 4;2 5;2 4;3 5;3 5;4 
6 2;0 3;0 4;0 5;0 2;1 3;1 4;1 5;1 3;2 4;2 5;2 4;3 5;3 5;4 
6 1;0 2;0 3;0 4;0 5;0 2;1 3;1 4;1 5;1 3;2 4;2 5;2 4;3 5;3 5;4 
